100
112
113
114
115
121
123
130
140
151
152
159
160
170
181
183
184
185
191
192
193
199
200
210
220
231
232
233
234
239
241
242
243
249
251
252
253
254
259
261
262
263
264
269
271
272
273
274
275
276
277
281
282
283
284
285
289
291
292
293
301
302
303
311
312
313
319
321
322
331
332
339
340
351
352
353
360
370
381
382
383
390
410
421
422
429
431
432
433
434
439
451
452
453
454
455
456
457
458
461
462
463
464
465
469
471
472
473
474
475
476
481
482
483
484
485
486
487
491
492
493
494
499
501
502
510
521
522
523
524
525
526
529
530
541
542
551
559
561
562
563
581
582
591
592
601
602
610
620
631
639
641
642
643
649
651
652
653
654
655
661
662
664
669
670
681
689
691
692
701
702
711
712
721
722
723
731
732
740
750
760
771
772
773
774
781
782
790
800
811
812
813
820
831
832
833
840
851
852
853
854
855
856
858
859
861
862
869
870
880
901
902
903
910
920
931
932
941
942
949
951
952
959
961
962
963
964
969
970
971
980
011
012
013
020
031
032
040
050
060
081
082
083
084
085
086
087
089
091
092
111
982
973
975
981
